%YAML:1.0
% 
% autogenerated by uwb_init_ros with ROS time 1695908481.134428
% generated on 2023-09-28 14:41:21.

anchor0:
  id: 19333
  fix: true
  p_AinG: [3.126997399843538, 1.018271070531894, 1.930393120751907]
  const_bias: 0
  dist_bias: 0
  prior_p_AinG_cov: 0.01048588829090756
  prior_const_bias_cov: 0.1
  prior_dist_bias_cov: 0.1
anchor1:
  id: 7435
  fix: true
  p_AinG: [-2.213703128398685, -4.365608602162254, 1.287732663352174]
  const_bias: 0
  dist_bias: 0
  prior_p_AinG_cov: 0.01419747625755872
  prior_const_bias_cov: 0.1
  prior_dist_bias_cov: 0.1
anchor2:
  id: 19110
  fix: false
  p_AinG: [-0.3190660475943612, -1.112691262304139, 0.05589301068491228]
  const_bias: 0
  dist_bias: 0
  prior_p_AinG_cov: 0.0121578923440647
  prior_const_bias_cov: 0.1
  prior_dist_bias_cov: 0.1
anchor3:
  id: 22660
  fix: false
  p_AinG: [-2.07579883779433, 3.531222360804958, 1.538237724209154]
  const_bias: 0
  dist_bias: 0
  prior_p_AinG_cov: 0.02232010602562419
  prior_const_bias_cov: 0.1
  prior_dist_bias_cov: 0.1
