%YAML:1.0
% 
% autogenerated by uwb_init_ros with ROS time 1709045976.394470
% generated on 2024-02-27 15:59:36.

anchor0:
  id: 106
  fix: true
  p_AinG: [-1.9339691095090037, 0.99905057093527028, 3.3703075166900089]
  const_biases: [-0.41783362994431938, -0.53610722290895163, -0.40831909015676093, -0.38369582797812141, -0.16951902698709342, -0.54821902716655613]
  dist_biases: [0, 0, 0, 0, 0, 0]
  Tag_IDs: [101, 102, 103, 104, 100, 105]
  prior_p_AinG_cov: 0.071148902049892784
  prior_const_bias_cov: 0.078923242043750105
  prior_dist_bias_cov: 0.075391194353920221
anchor1:
  id: 107
  fix: true
  p_AinG: [-2.1971154977835141, 1.7524305695769229, 1.9661039931113256]
  const_biases: [-0.15809978728931606, -0.28864960157631853, -0.56601900855036957, -0.27941896853556475, -0.35765052111222334, -0.24889995546729868]
  dist_biases: [0, 0, 0, 0, 0, 0]
  Tag_IDs: [100, 101, 103, 104, 105, 102]
  prior_p_AinG_cov: 0.17693557324539558
  prior_const_bias_cov: 0.20921133365392264
  prior_dist_bias_cov: 0.27431800229550873
anchor2:
  id: 108
  fix: false
  p_AinG: [-2.4466737449908909, -0.069984412140685834, 1.1482525072781129]
  const_biases: [-0.90919271978312821, -0.20282026962312066, -0.42598468086651831, -1.0293574605290705, -0.59239005528173649, -1.0869512232839382]
  dist_biases: [0, 0, 0, 0, 0, 0]
  Tag_IDs: [100, 101, 102, 103, 104, 105]
  prior_p_AinG_cov: 0.20483249217658059
  prior_const_bias_cov: 0.38266799635804388
  prior_dist_bias_cov: 0.26821875778577609
anchor3:
  id: 110
  fix: false
  p_AinG: [1.2878986719664063, -0.31610623459338544, 2.4020532940635504]
  const_biases: [1.9395161121977209, 0.23675619328434122, 0.096405014479476525, -0.28991482737941837, 1.038109370398987, 1.8056619153281332]
  dist_biases: [0, 0, 0, 0, 0, 0]
  Tag_IDs: [100, 101, 102, 103, 104, 105]
  prior_p_AinG_cov: 0.089894360705767826
  prior_const_bias_cov: 0.12824298629121289
  prior_dist_bias_cov: 0.067132984088474415
anchor4:
  id: 109
  fix: false
  p_AinG: [0.12842472860493609, 3.7662009875220055, 1.4486288595518173]
  const_biases: [0.40338564188721865, 0.052732787284415383, 0.058694606741763189, -0.39958738965634683, 0.16973590306007036, 0.26833804310647441]
  dist_biases: [0, 0, 0, 0, 0, 0]
  Tag_IDs: [100, 101, 102, 103, 104, 105]
  prior_p_AinG_cov: 0.44173169984446253
  prior_const_bias_cov: 0.83883128083146363
  prior_dist_bias_cov: 0.81193181500384071
